      0/19        0G   0.06813   0.03867   0.01935    0.1262       607       800    0.5695    0.3497    0.1973   0.04186   0.07768   0.03141  0.006163
      1/19        0G   0.05362   0.03386  0.007236   0.09472       664       800    0.5652    0.5843     0.511    0.1531   0.06009   0.03399  0.006124
      2/19        0G   0.05214   0.03297  0.006121   0.09123       435       800    0.6284    0.5989    0.5307     0.153   0.05881   0.02955  0.004317
      3/19        0G   0.05123   0.03362    0.0057   0.09055       499       800    0.7026     0.625    0.5965    0.1954   0.05617   0.02808  0.004346
      4/19        0G   0.04995   0.03342  0.005668   0.08904       554       800    0.7957    0.6919    0.6892    0.2532   0.05222   0.02652  0.003734
      5/19        0G   0.04958   0.03279  0.005633     0.088       607       800    0.7254     0.631    0.6155     0.205   0.06142   0.02993   0.01059
      6/19        0G   0.04867   0.03305  0.005403   0.08713       664       800    0.7901    0.6835    0.6864    0.2285   0.05066   0.02607  0.003752
      7/19        0G   0.04915   0.03251  0.005447    0.0871       435       800     0.802    0.6809    0.6797    0.2404   0.05105   0.02591   0.00363
      8/19        0G   0.04841   0.03306  0.005235   0.08671       499       800     0.735    0.6045     0.624    0.2219   0.05229   0.02664  0.004509
      9/19        0G   0.04766   0.03297  0.005306   0.08594       554       800    0.7965    0.7032       0.7      0.25   0.04869   0.02586  0.003668
     10/19        0G   0.04751   0.03194  0.005093   0.08455       678       800    0.8036     0.667     0.686    0.2338   0.05089   0.02581   0.00673
     11/19        0G   0.04666   0.03197  0.004798   0.08343       762       800    0.8178    0.7157    0.6965    0.2542   0.04895   0.02511  0.003283
     12/19        0G   0.04591   0.03146  0.004798   0.08217       691       800    0.8217    0.7312    0.7187    0.2508   0.04953   0.02546  0.003112
     13/19        0G   0.04545   0.03182  0.004651   0.08191       634       800    0.8217    0.7185    0.7067    0.2604   0.04826   0.02521  0.003264
     14/19        0G   0.04564   0.03178  0.004624   0.08205       590       800    0.8123    0.7197    0.7022    0.2569   0.04841   0.02546  0.003275
     15/19        0G   0.04444   0.03145   0.00452   0.08041       679       800    0.8246    0.7393    0.7181    0.2688   0.04726   0.02482  0.003084
     16/19        0G   0.04418   0.03132  0.004512   0.08002       594       800    0.8675    0.7576     0.756    0.2904   0.04594   0.02462  0.003067
     17/19        0G   0.04363    0.0312  0.004354   0.07918       687       800    0.8504    0.7622    0.7414    0.2843   0.04579   0.02472  0.002844
     18/19        0G   0.04339   0.03082  0.004099   0.07831       713       800    0.8587     0.767    0.7528    0.2953   0.04515   0.02464  0.002736
     19/19        0G   0.04217   0.03058  0.004083   0.07683       577       800    0.8678    0.7711    0.7628    0.3034   0.04473   0.02446  0.002763
