0 0.5453846153846155 0.5525 0.0009230769230769231 0.007
1 0.6581538461538462 0.554 0.0024615384615384616 0.032
1 0.590076923076923 0.5415 0.0016923076923076924 0.035
1 0.5437692307692308 0.539 0.0026153846153846153 0.032
1 0.5473846153846155 0.633 0.004615384615384616 0.052
1 0.5732307692307692 0.5175 0.0018461538461538461 0.027
1 0.5455384615384615 0.5 0.0018461538461538461 0.024
1 0.5484615384615384 0.5205 0.0015384615384615385 0.029
1 0.5373846153846153 0.8470000000000001 0.011076923076923076 0.088
1 0.545 0.5760000000000001 0.002 0.042
1 0.5883076923076923 0.607 0.0018461538461538461 0.048
1 0.5781538461538461 0.7010000000000001 0.0036923076923076922 0.07
2 0.5069230769230769 0.547 0.0021538461538461538 0.038
2 0.5107692307692308 0.5305 0.0024615384615384616 0.037
2 0.4124615384615385 0.5305 0.003076923076923077 0.037
2 0.4910769230769231 0.511 0.0024615384615384616 0.032
2 0.45084615384615384 0.5615 0.0035384615384615385 0.047
2 0.5446923076923077 0.5755 0.0035384615384615385 0.039
2 0.438 0.617 0.004615384615384616 0.058
2 0.4734615384615385 0.623 0.005384615384615384 0.062
2 0.5434615384615384 0.519 0.002307692307692308 0.034
2 0.5143846153846154 0.5125 0.002307692307692308 0.031
2 0.4816923076923077 0.5245 0.0021538461538461538 0.037