0 0.5002604166666667 0.49907407407407406 0.0026041666666666665 0.004629629629629629
1 0.21367187499999998 0.49560185185185185 0.01015625 0.018055555555555554
1 0.38632812499999997 0.5090277777777777 0.01015625 0.018055555555555554
1 0.505078125 0.49976851851851856 0.01015625 0.018055555555555554
1 0.49674479166666663 0.24652777777777776 0.01015625 0.018055555555555554
1 0.41315104166666666 0.6502314814814815 0.01015625 0.018055555555555554
1 0.4998697916666667 0.7840277777777778 0.01015625 0.018055555555555554
1 0.488671875 0.6131944444444444 0.01015625 0.018055555555555554
1 0.5037760416666667 0.058333333333333334 0.009635416666666667 0.016666666666666666
1 0.498046875 0.36597222222222225 0.01015625 0.018055555555555554
1 0.42265625 0.29953703703703705 0.005729166666666666 0.010185185185185186
1 0.45729166666666665 0.16041666666666665 0.009375 0.01712962962962963
2 0.5852864583333334 0.43865740740740744 0.01015625 0.018055555555555554
2 0.5884114583333334 0.5275462962962962 0.01015625 0.018055555555555554
2 0.8233072916666667 0.49097222222222225 0.01015625 0.018055555555555554
2 0.661328125 0.6386574074074074 0.01015625 0.018055555555555554
2 0.6904947916666667 0.38125000000000003 0.01015625 0.018055555555555554
2 0.49778645833333335 0.38125000000000003 0.01015625 0.018055555555555554
2 0.6644531250000001 0.2516203703703704 0.01015625 0.018055555555555554
2 0.6071614583333333 0.24606481481481482 0.01015625 0.018055555555555554
2 0.5029947916666667 0.618287037037037 0.01015625 0.018055555555555554
2 0.5915364583333333 0.6405092592592593 0.01015625 0.018055555555555554
2 0.6657552083333333 0.5395833333333333 0.01015625 0.018055555555555554